0 1.54707186886026
0 1.00510376933696
0 1.44585391370687
0 1.13704111133388
0 1.96265801753642
0 1.11043328022059
0 1.00132074779534
0 1.75817934381219
0 1.07860220292642
0 1.4542768637773
0.5 2.06059484003799
0.5 1.22381639391158
0.5 1.3299323188441
0.5 1.56702787535047
0.5 2.02283467643765
0.5 2.15106596811103
0.5 1.84823689052793
0.5 1.316588043863
0.5 2.07662816938832
0.5 1.26214544813066
1 2.09342714280091
1 2.36490263925056
1 2.1627011787507
1 1.78145647573342
1 2.33561754140266
1 1.72795334408139
1 2.47110703680819
1 2.14119719438817
1 2.24763167585607
1 1.91636666055449
