# Age	1751-1754	1800-1804	1900-1904	2000-2004	
0	100000	100000	100000	100000	
1	80402	81085	91652	99706	
2	75804	76452	89352	99682	
3	72936	73662	88191	99669	
4	70882	71893	87376	99659	
5	69093	70464	86703	99649	
6	67589	69262	86151	99639	
7	66534	68390	85692	99626	
8	65809	67764	85306	99619	
9	65298	67301	84927	99613	
10	64895	66927	84597	99604	
11	64513	66583	84269	99596	
12	64118	66240	83945	99589	
13	63714	65897	83644	99581	
14	63306	65549	83295	99568	
15	62897	65195	82955	99553	
16	62492	64832	82581	99536	
17	62110	64471	82177	99515	
18	61745	64105	81749	99497	
19	61390	63729	81316	99468	
20	61037	63341	80877	99431	
21	60678	62938	80451	99405	
22	60300	62514	79995	99378	
23	59904	62074	79534	99354	
24	59492	61625	79072	99328	
25	59064	61170	78599	99312	
26	58623	60713	78100	99287	
27	58177	60254	77588	99261	
28	57718	59785	77127	99233	
29	57241	59301	76658	99204	
30	56740	58802	76185	99177	
31	56209	58287	75684	99146	
32	55636	57748	75219	99118	
33	55034	57191	74734	99083	
34	54419	56621	74255	99047	
35	53811	56043	73766	99010	
36	53234	55458	73280	98965	
37	52708	54876	72793	98913	
38	52208	54288	72294	98860	
39	51712	53684	71803	98801	
40	51195	53051	71303	98737	
41	50635	52384	70766	98667	
42	50001	51672	70258	98596	
43	49311	50928	69736	98509	
44	48586	50170	69220	98405	
45	47860	49417	68691	98303	
46	47171	48687	68155	98178	
47	46566	47988	67604	98043	
48	46009	47300	67053	97883	
49	45473	46598	66476	97702	
50	44931	45858	65867	97513	
51	44359	45062	65227	97283	
52	43702	44192	64592	97062	
53	42969	43263	63912	96824	
54	42171	42292	63205	96556	
55	41335	41296	62457	96260	
56	40495	40283	61699	95945	
57	39715	39266	60910	95573	
58	38943	38224	60093	95159	
59	38141	37139	59174	94724	
60	37283	35996	58258	94241	
61	36354	34787	57253	93726	
62	35308	33498	56208	93153	
63	34183	32142	55077	92563	
64	33008	30734	53910	91927	
65	31809	29292	52670	91251	
66	30604	27831	51344	90490	
67	29422	26375	49916	89658	
68	28229	24911	48365	88751	
69	26997	23420	46741	87763	
70	25700	21881	45014	86646	
71	24312	20278	43143	85427	
72	22776	18598	41238	84082	
73	21116	16871	39123	82668	
74	19365	15131	36958	81116	
75	17571	13414	34638	79410	
76	15818	11755	32284	77563	
77	14277	10225	29820	75536	
78	12904	8811	27221	73266	
79	11657	7503	24745	70777	
80	10492	6288	22220	67975	
81	9398	5339	19798	64936	
82	8281	4459	17370	61635	
83	7180	3654	15036	58101	
84	6135	2935	12766	54323	
85	5186	2317	10595	50244	
86	4368	1809	8654	45999	
87	3675	1405	6998	41431	
88	3086	1088	5535	36895	
89	2586	841	4248	32290	
90	2152	643	3239	27751	
91	1718	452	2412	23378	
92	1353	316	1755	19292	
93	1052	216	1239	15578	
94	806	144	846	12277	
95	608	94	575	9365	
96	452	60	368	6947	
97	330	38	228	4991	
98	237	23	137	3466	
99	168	14	79	2324	
100	116	8	45	1501	
101	79	4	24	934	
102	53	2	13	559	
103	35	1	7	322	
104	22	1	3	178	
105	14	0	2	95	
106	9	0	1	49	
107	5	0	0	24	
108	3	0	0	11	
109	2	0	0	5	
