# Age	1751-1754	1800-1804	1900-1904	2000-2004	
0	100000	100000	100000	100000	
1	78323	78601	89829	99630	
2	73552	73847	87404	99603	
3	70586	70956	86217	99579	
4	68486	69167	85350	99567	
5	66648	67777	84690	99557	
6	65073	66603	84165	99548	
7	63959	65720	83736	99540	
8	63184	65059	83358	99531	
9	62633	64554	82999	99525	
10	62202	64142	82687	99516	
11	61809	63772	82381	99506	
12	61412	63416	82111	99495	
13	61013	63071	81856	99484	
14	60615	62731	81602	99470	
15	60221	62393	81349	99455	
16	59834	62056	81074	99429	
17	59461	61715	80728	99401	
18	59092	61359	80341	99369	
19	58715	60978	79910	99318	
20	58316	60562	79421	99249	
21	57884	60105	78885	99165	
22	57417	59618	78350	99089	
23	56923	59112	77824	99007	
24	56415	58596	77301	98932	
25	55904	58080	76787	98860	
26	55401	57568	76290	98785	
27	54913	57061	75761	98719	
28	54432	56555	75256	98657	
29	53950	56047	74774	98591	
30	53461	55538	74291	98531	
31	52958	55032	73828	98469	
32	52429	54511	73374	98402	
33	51879	53976	72914	98335	
34	51315	53430	72466	98265	
35	50748	52872	72009	98184	
36	50192	52299	71489	98108	
37	49663	51725	71018	98023	
38	49148	51143	70496	97932	
39	48629	50548	70015	97831	
40	48089	49930	69500	97716	
41	47509	49287	68956	97594	
42	46857	48597	68404	97466	
43	46140	47863	67846	97329	
44	45374	47089	67238	97174	
45	44580	46281	66636	96981	
46	43786	45445	66001	96796	
47	43036	44609	65341	96587	
48	42309	43765	64661	96344	
49	41588	42904	63972	96087	
50	40859	42011	63247	95799	
51	40100	41080	62461	95491	
52	39260	40075	61695	95151	
53	38346	39007	60872	94796	
54	37373	37893	60021	94396	
55	36366	36748	59139	93947	
56	35370	35583	58274	93468	
57	34455	34439	57322	92934	
58	33577	33300	56341	92351	
59	32696	32150	55306	91704	
60	31774	30974	54236	91028	
61	30782	29762	53075	90268	
62	29683	28482	51856	89415	
63	28517	27146	50587	88530	
64	27326	25775	49192	87537	
65	26152	24393	47791	86413	
66	25025	23019	46336	85194	
67	23943	21662	44787	83834	
68	22870	20303	43083	82404	
69	21771	18922	41408	80791	
70	20608	17495	39623	79034	
71	19354	16010	37740	77156	
72	17997	14488	35763	75070	
73	16570	12961	33659	72826	
74	15107	11459	31500	70449	
75	13654	10013	29299	67900	
76	12266	8653	27059	65181	
77	11011	7419	24788	62268	
78	9865	6300	22478	59099	
79	8809	5290	20158	55844	
80	7824	4377	17866	52348	
81	6949	3646	15652	48702	
82	6078	2991	13584	44851	
83	5236	2410	11557	40960	
84	4447	1904	9618	36943	
85	3735	1475	7795	32933	
86	3117	1125	6294	28873	
87	2589	847	4934	24941	
88	2139	629	3783	21141	
89	1756	460	2802	17572	
90	1427	327	2014	14341	
91	1112	224	1430	11484	
92	851	150	988	8946	
93	640	98	632	6759	
94	472	62	400	4919	
95	342	39	255	3553	
96	243	23	152	2458	
97	169	14	88	1646	
98	115	8	49	1065	
99	77	4	26	666	
100	50	2	14	402	
101	32	1	7	234	
102	20	1	3	131	
103	12	0	2	71	
104	7	0	1	37	
105	4	0	0	19	
106	2	0	0	9	
107	1	0	0	4	
108	1	0	0	2	
109	0	0	0	1	
